0.984375
1.0
0.984375
0.984375
1.0
1.0
1.0
1.0
1.0
0.984375
0.96875
0.984375
1.0
1.0
1.0
1.0
1.0
1.0
1.0
0.984375
0.984375
0.984375
0.984375
0.984375
0.984375
1.0
0.984375
1.0
1.0
0.984375
0.984375
0.984375
0.984375
0.984375
1.0
0.984375
0.984375
1.0
1.0
1.0
0.96875
1.0
0.984375
0.96875
0.953125
1.0
1.0
1.0
1.0
0.984375
0.984375
0.984375
0.953125
0.9375
0.953125
0.96875
0.984375
1.0
1.0
0.984375
1.0
0.984375
1.0
0.984375
0.984375
0.984375
0.96875
1.0
0.984375
1.0
1.0
1.0
0.984375
0.984375
0.984375
0.984375
0.984375
1.0
0.984375
0.984375
0.96875
1.0
1.0
0.984375
0.984375
0.96875
0.96875
0.96875
0.96875
0.984375
0.96875
0.96875
0.96875
0.96875
0.984375
0.984375
1.0
1.0
0.953125
0.96875
0.953125
0.984375
1.0
0.984375
0.984375
0.96875
0.96875
0.96875
0.953125
0.984375
1.0
0.96875
0.984375
0.984375
0.953125
0.953125
1.0
0.96875
0.984375
1.0
0.96875
0.953125
0.96875
0.984375
0.984375
1.0
1.0
0.984375
1.0
1.0
1.0
1.0
0.9375
0.9375
0.984375
1.0
1.0
0.984375
1.0
0.984375
0.96875
0.984375
1.0
0.953125
0.9375
1.0
1.0
0.984375
1.0
0.984375
1.0
1.0
1.0
0.984375
0.921875
0.921875
0.984375
1.0
1.0
1.0
1.0
0.984375
0.984375
1.0
1.0
0.9375
0.9375
0.984375
1.0
1.0
1.0
1.0
1.0
1.0
1.0
1.0
0.953125
0.953125
1.0
1.0
1.0
1.0
1.0
1.0
1.0
1.0
1.0
0.953125
0.953125
0.984375
0.984375
0.96875
0.984375
0.96875
1.0
1.0
1.0
1.0
0.984375
0.984375
0.984375
1.0
1.0
1.0
1.0
1.0
0.984375
1.0
0.984375
0.953125
0.96875
1.0
0.984375
1.0
0.984375
0.984375
0.984375
0.96875
1.0
1.0
0.96875
0.96875
0.953125
0.953125
0.96875
0.984375
0.984375
0.984375
0.984375
0.984375
0.96875
1.0
0.921875
0.9375
1.0
0.984375
0.96875
0.96875
0.96875
0.984375
0.96875
0.96875
0.96875
0.921875
0.921875
0.96875
0.96875
0.96875
0.96875
1.0
1.0
1.0
1.0
1.0
0.921875
0.921875
0.984375
1.0
1.0
0.984375
0.984375
1.0
0.96875
0.984375
1.0
0.90625
0.921875
0.96875
1.0
1.0
0.984375
0.984375
1.0
1.0
1.0
1.0
0.9375
0.921875
0.984375
1.0
0.984375
0.984375
0.96875
0.984375
0.984375
1.0
1.0
0.90625
0.890625
0.984375
1.0
0.984375
0.984375
0.984375
1.0
1.0
1.0
1.0
0.90625
0.90625
1.0
0.984375
0.984375
0.96875
1.0
1.0
0.984375
0.984375
0.96875
0.90625
0.90625
1.0
1.0
1.0
0.984375
0.984375
1.0
1.0
1.0
1.0
0.890625
0.890625
1.0
1.0
1.0
1.0
1.0
1.0
1.0
1.0
1.0
0.890625
0.984375
0.90625
1.0
1.0
0.984375
0.984375
0.921875
1.0
1.0
1.0
1.0
0.921875
0.921875
1.0
1.0
1.0
0.984375
0.96875
0.984375
1.0
1.0
0.921875
0.890625
0.890625
1.0
1.0
1.0
1.0
1.0
1.0
1.0
1.0
1.0
0.890625
0.90625
0.984375
1.0
0.984375
1.0
1.0
1.0
1.0
1.0
1.0
0.875
0.890625
1.0
1.0
1.0
1.0
1.0
1.0
1.0
1.0
0.984375
0.90625
0.890625
0.984375
0.984375
0.984375
0.96875
0.96875
0.96875
1.0
1.0
1.0
0.890625
0.890625
0.984375
1.0
1.0
1.0
1.0
0.984375
0.984375
0.984375
0.984375
0.90625
0.890625
1.0
1.0
0.984375
0.984375
1.0
1.0
1.0
1.0
1.0
0.890625
0.890625
1.0
1.0
1.0
1.0
1.0
1.0
0.984375
0.984375
1.0
0.890625
0.890625
1.0
1.0
1.0
1.0
1.0
1.0
1.0
1.0
1.0
0.890625
0.984375
0.90625
0.984375
0.984375
0.984375
0.984375
1.0
0.984375
1.0
1.0
0.984375
0.859375
0.875
1.0
1.0
1.0
0.984375
0.984375
0.984375
1.0
1.0
1.0
0.890625
0.890625
1.0
1.0
1.0
1.0
1.0
1.0
1.0
0.984375
1.0
0.890625
0.890625
1.0
1.0
0.96875
0.96875
1.0
1.0
1.0
1.0
1.0
0.890625
0.890625
1.0
0.984375
1.0
1.0
0.984375
0.984375
0.96875
0.96875
0.96875
0.875
0.890625
1.0
1.0
1.0
1.0
1.0
1.0
1.0
1.0
0.984375
0.875
0.890625
1.0
1.0
1.0
0.984375
1.0
1.0
0.984375
0.984375
0.96875
0.875
0.859375
0.96875
1.0
0.984375
0.984375
1.0
0.984375
1.0
0.984375
0.984375
0.84375
0.828125
1.0
0.984375
0.984375
1.0
0.984375
0.984375
1.0
0.984375
0.84375
0.890625
0.8125
1.0
1.0
1.0
0.984375
0.984375
1.0
0.984375
0.984375
1.0
0.828125
0.96875
0.828125
0.984375
1.0
1.0
0.984375
0.953125
1.0
1.0
0.96875
0.96875
0.78125
0.765625
0.96875
0.953125
0.984375
1.0
1.0
1.0
1.0
1.0
0.96875
0.796875
0.765625
0.78125
0.796875
0.96875
1.0
1.0
1.0
0.96875
1.0
1.0
0.8125
0.8125
1.0
1.0
0.984375
1.0
0.984375
0.984375
0.984375
0.75
0.734375
0.78125
0.890625
0.828125
1.0
0.984375
1.0
1.0
0.96875
0.96875
1.0
0.984375
0.765625
0.734375
1.0
0.984375
0.984375
1.0
0.96875
0.984375
1.0
0.984375
1.0
0.71875
0.71875
1.0
0.984375
0.953125
1.0
0.984375
1.0
0.984375
0.984375
1.0
0.734375
0.75
0.984375
1.0
0.984375
0.96875
1.0
0.984375
1.0
1.0
1.0
0.734375
0.734375
0.984375
0.984375
0.96875
0.9375
0.96875
0.984375
0.953125
0.984375
1.0
0.71875
0.75
0.96875
1.0
0.765625
0.984375
0.734375
0.703125
0.703125
1.0
1.0
0.75
0.984375
0.765625
0.984375
1.0
1.0
1.0
1.0
1.0
0.6875
0.96875
1.0
0.90625
0.890625
1.0
1.0
1.0
1.0
1.0
1.0
1.0
1.0
1.0
0.890625
0.890625
1.0
1.0
1.0
1.0
1.0
1.0
1.0
1.0
0.984375
0.890625
0.890625
0.96875
0.765625
0.75
0.984375
1.0
1.0
1.0
1.0
1.0
0.96875
0.984375
1.0
1.0
1.0
1.0
0.984375
1.0
0.96875
0.984375
1.0
0.984375
0.96875
1.0
1.0
0.984375
1.0
1.0
1.0
1.0
1.0
1.0
0.984375